# SUMMARY

# Before processing
num_samples train: 40354
num_samples val: 246
num_samples test: 130

# After processing
num_samples train: 40349
num_samples val: 245
num_samples test: 130

# Info
'atom_encoder': {'C': 0, 'N': 1, 'O': 2, 'S': 3, 'B': 4, 'Br': 5, 'Cl': 6, 'P': 7, 'I': 8, 'F': 9}
'atom_decoder': ['C', 'N', 'O', 'S', 'B', 'Br', 'Cl', 'P', 'I', 'F']
'aa_encoder': {'A': 0, 'C': 1, 'D': 2, 'E': 3, 'F': 4, 'G': 5, 'H': 6, 'I': 7, 'K': 8, 'L': 9, 'M': 10, 'N': 11, 'P': 12, 'Q': 13, 'R': 14, 'S': 15, 'T': 16, 'V': 17, 'W': 18, 'Y': 19}
'aa_decoder': ['A', 'C', 'D', 'E', 'F', 'G', 'H', 'I', 'K', 'L', 'M', 'N', 'P', 'Q', 'R', 'S', 'T', 'V', 'W', 'Y']
'bonds1': [[154.0, 147.0, 143.0, 182.0, 0.0, 194.0, 177.0, 184.0, 214.0, 135.0], [147.0, 145.0, 140.0, 168.0, 0.0, 214.0, 175.0, 177.0, 222.0, 136.0], [143.0, 140.0, 148.0, 151.0, 0.0, 172.0, 164.0, 163.0, 194.0, 142.0], [182.0, 168.0, 151.0, 204.0, 0.0, 225.0, 207.0, 210.0, 234.0, 158.0], [0.0, 0.0, 0.0, 0.0, 0.0, 0.0, 175.0, 0.0, 0.0, 0.0], [194.0, 214.0, 172.0, 225.0, 0.0, 228.0, 214.0, 222.0, 0.0, 178.0], [177.0, 175.0, 164.0, 207.0, 175.0, 214.0, 199.0, 203.0, 0.0, 166.0], [184.0, 177.0, 163.0, 210.0, 0.0, 222.0, 203.0, 221.0, 0.0, 156.0], [214.0, 222.0, 194.0, 234.0, 0.0, 0.0, 0.0, 0.0, 266.0, 187.0], [135.0, 136.0, 142.0, 158.0, 0.0, 178.0, 166.0, 156.0, 187.0, 142.0]]
'bonds2': [[134.0, 129.0, 120.0, 160.0, 0.0, 0.0, 0.0, 0.0, 0.0, 0.0], [129.0, 125.0, 121.0, 0.0, 0.0, 0.0, 0.0, 0.0, 0.0, 0.0], [120.0, 121.0, 121.0, 0.0, 0.0, 0.0, 0.0, 150.0, 0.0, 0.0], [160.0, 0.0, 0.0, 0.0, 0.0, 0.0, 0.0, 186.0, 0.0, 0.0], [0.0, 0.0, 0.0, 0.0, 0.0, 0.0, 0.0, 0.0, 0.0, 0.0], [0.0, 0.0, 0.0, 0.0, 0.0, 0.0, 0.0, 0.0, 0.0, 0.0], [0.0, 0.0, 0.0, 0.0, 0.0, 0.0, 0.0, 0.0, 0.0, 0.0], [0.0, 0.0, 150.0, 186.0, 0.0, 0.0, 0.0, 0.0, 0.0, 0.0], [0.0, 0.0, 0.0, 0.0, 0.0, 0.0, 0.0, 0.0, 0.0, 0.0], [0.0, 0.0, 0.0, 0.0, 0.0, 0.0, 0.0, 0.0, 0.0, 0.0]]
'bonds3': [[120.0, 116.0, 113.0, 0.0, 0.0, 0.0, 0.0, 0.0, 0.0, 0.0], [116.0, 110.0, 0.0, 0.0, 0.0, 0.0, 0.0, 0.0, 0.0, 0.0], [113.0, 0.0, 0.0, 0.0, 0.0, 0.0, 0.0, 0.0, 0.0, 0.0], [0.0, 0.0, 0.0, 0.0, 0.0, 0.0, 0.0, 0.0, 0.0, 0.0], [0.0, 0.0, 0.0, 0.0, 0.0, 0.0, 0.0, 0.0, 0.0, 0.0], [0.0, 0.0, 0.0, 0.0, 0.0, 0.0, 0.0, 0.0, 0.0, 0.0], [0.0, 0.0, 0.0, 0.0, 0.0, 0.0, 0.0, 0.0, 0.0, 0.0], [0.0, 0.0, 0.0, 0.0, 0.0, 0.0, 0.0, 0.0, 0.0, 0.0], [0.0, 0.0, 0.0, 0.0, 0.0, 0.0, 0.0, 0.0, 0.0, 0.0], [0.0, 0.0, 0.0, 0.0, 0.0, 0.0, 0.0, 0.0, 0.0, 0.0]]
'lennard_jones_rm': [[120.0, 116.0, 113.0, 160.0, 133.0, 194.0, 177.0, 184.0, 214.0, 135.0], [116.0, 110.0, 121.0, 168.0, 127.0, 214.0, 175.0, 177.0, 222.0, 136.0], [113.0, 121.0, 121.0, 151.0, 126.0, 172.0, 164.0, 150.0, 194.0, 142.0], [160.0, 168.0, 151.0, 204.0, 167.0, 225.0, 207.0, 186.0, 234.0, 158.0], [133.0, 127.0, 126.0, 167.0, 146.0, 182.0, 175.0, 167.0, 198.0, 126.0], [194.0, 214.0, 172.0, 225.0, 182.0, 228.0, 214.0, 222.0, 234.0, 178.0], [177.0, 175.0, 164.0, 207.0, 175.0, 214.0, 199.0, 203.0, 218.0, 166.0], [184.0, 177.0, 150.0, 186.0, 167.0, 222.0, 203.0, 221.0, 219.0, 156.0], [214.0, 222.0, 194.0, 234.0, 198.0, 234.0, 218.0, 219.0, 266.0, 187.0], [135.0, 136.0, 142.0, 158.0, 126.0, 178.0, 166.0, 156.0, 187.0, 142.0]]
'atom_hist': {'C': 545519, 'N': 90204, 'O': 132953, 'S': 9342, 'B': 109, 'Br': 1424, 'Cl': 5516, 'P': 5154, 'I': 445, 'F': 9742}
'aa_hist': {'A': 36727, 'C': 12251, 'D': 34918, 'E': 31750, 'F': 46281, 'G': 48425, 'H': 32166, 'I': 35594, 'K': 20887, 'L': 61906, 'M': 27249, 'N': 25469, 'P': 19323, 'Q': 18063, 'R': 31013, 'S': 35609, 'T': 32507, 'V': 43207, 'W': 23083, 'Y': 46476}
'n_nodes': [[0.0002398922348829372, 0.001101933479091507, 0.002527347811067742, 0.009926883167460465, 0.03965070853903641, 0.06529623379723472, 0.043433707750104814, 0.026196348298187087, 0.03058782775745217, 0.023528886299080932, 0.0130789743411149, 0.005840370113743668, 0.0017516397952594906, 0.0009765346479251749, 0.0015538074687024438, 0.0019973770973625428, 0.0011373180841189059, 0.00024898681079617264, 2.030615877226013e-05, 6.110294448996574e-07, 0.0, 0.0, 0.0, 0.0, 0.0, 0.0, 0.0, 0.0, 0.0, 0.0, 0.0, 0.0, 0.0, 0.0, 0.0, 0.0, 0.0, 0.0], [0.0029923558709692446, 0.013610754078904956, 0.02650998313883165, 0.056411273829717834, 0.18624083558037072, 0.3045975041637603, 0.2189559304265191, 0.17211398213622928, 0.22650600881874625, 0.21570605027802628, 0.16998574008972303, 0.09698858517125544, 0.04379849549760338, 0.030776439163335067, 0.03179722220160909, 0.030830439218769778, 0.016174124759116636, 0.0036331712986228002, 0.000399552739732984, 5.1255013526864656e-05, 7.926248931690499e-06, 6.110294448996574e-07, 1.791063608477192e-08, 0.0, 0.0, 0.0, 0.0, 0.0, 0.0, 0.0, 0.0, 0.0, 0.0, 0.0, 0.0, 0.0, 0.0, 0.0], [0.015249735381277803, 0.06827489002047471, 0.13146243866294727, 0.18550037625020854, 0.411333912190333, 0.665994856614786, 0.6519165748477339, 0.8049323830729277, 1.1198143807094645, 1.2626777379962317, 1.2361111790279509, 0.8869044594304307, 0.5930493166185218, 0.4580546633846184, 0.3499992183746019, 0.2476183291723439, 0.11755652626963564, 0.030568256340573363, 0.0062230631915002835, 0.001623511911775899, 0.0002926060398253002, 2.2642812735350127e-05, 6.647613531539732e-07, 0.0, 0.0, 0.0, 0.0, 0.0, 0.0, 0.0, 0.0, 0.0, 0.0, 0.0, 0.0, 0.0, 0.0, 0.0], [0.04737363312580664, 0.19193361984001006, 0.4010420379523205, 0.5686468306440319, 0.8991992220806079, 1.457961084864537, 2.1704283862598386, 3.3623517604485302, 4.576133477387861, 5.516618974588614, 5.9243732777937, 5.249240036035134, 4.5348357501820225, 3.492622014944805, 2.251143390211578, 1.3439525878644991, 0.6392116715646607, 0.2156745692249144, 0.06928727665086094, 0.02255419405907147, 0.004264636874629104, 0.00038700059348731797, 4.2574450061596324e-05, 7.243576942451754e-06, 5.931188088148855e-07, 1.791063608477192e-08, 0.0, 0.0, 0.0, 0.0, 0.0, 0.0, 0.0, 0.0, 0.0, 0.0, 0.0, 0.0], [0.1408240150671109, 0.48922328399271164, 1.042542685281136, 1.6283170631249906, 2.5339909360327666, 4.151764158167697, 6.6483112623677165, 10.374729378692548, 14.373273778174994, 18.023936759767594, 20.016159167982234, 19.979084646080576, 18.835090010951642, 14.080391720316268, 8.579773457434896, 5.048702458251986, 2.540782423119062, 0.9995830135287175, 0.3946731759947516, 0.1431275449784784, 0.029309155450538547, 0.004213282724076879, 0.0011718227587806957, 0.00024116802568099083, 1.9677218691275695e-05, 5.931188088148855e-07, 0.0, 0.0, 0.0, 0.0, 0.0, 0.0, 0.0, 0.0, 0.0, 0.0, 0.0, 0.0], [0.3027571467830121, 0.9588939894053321, 1.9704830376786693, 3.3189279799323335, 5.79485588153268, 9.685089604021735, 14.475059086921675, 21.235106667194056, 30.109693016820145, 39.61670049384941, 45.42520575706337, 46.87769615747409, 43.7412400978206, 32.7120627671812, 21.13234082996322, 13.020319580492725, 6.69095652922234, 2.850060566388816, 1.2743264707801873, 0.5029997305976726, 0.1266449896417862, 0.03604349543870177, 0.014445928012115403, 0.0030384163731758743, 0.0002504058866829045, 7.890427659520954e-06, 1.791063608477192e-08, 0.0, 0.0, 0.0, 0.0, 0.0, 0.0, 0.0, 0.0, 0.0, 0.0, 0.0], [0.4668957582897797, 1.366572784200066, 2.7194241562739903, 5.09651233165389, 9.90927020221081, 16.54541247018927, 22.938600156625405, 30.376025167175552, 41.83738470179773, 57.13955471666361, 68.95300610827877, 73.35971109124272, 69.04077607926175, 56.56384154957687, 42.64523580359764, 28.364948151361965, 15.418128374553767, 7.490528052346367, 3.6929791908211147, 1.596624586735751, 0.548180604206421, 0.20999594301806776, 0.07927565986561445, 0.016208855221915324, 0.001446955761345087, 5.682326950903447e-05, 6.647613531539732e-07, 0.0, 0.0, 0.0, 0.0, 0.0, 0.0, 0.0, 0.0, 0.0, 0.0, 0.0], [0.6487936434885125, 1.8084520308402556, 3.495582036673588, 6.661532373460187, 12.640274967768823, 20.354630129413128, 27.667057176158586, 34.782320901552524, 45.50750667610194, 62.715741246463196, 81.18317479929755, 93.8054835391217, 96.22700105184634, 90.77052001808394, 77.86138170598554, 55.883749208025904, 34.60767551663412, 20.99644174784073, 12.42633157396611, 6.262162789201826, 2.582077598098793, 0.9429138878457332, 0.2878091844991084, 0.05917215646982455, 0.006942461592834159, 0.00041225421589539295, 1.028081353086527e-05, 1.791063608477192e-08, 0.0, 0.0, 0.0, 0.0, 0.0, 0.0, 0.0, 0.0, 0.0, 0.0], [0.7542375779547943, 2.1211803602028003, 4.178234969050651, 7.7150068485589, 13.26313897710843, 20.21223950456162, 28.54784153447395, 38.32035473382323, 51.43584409587371, 70.43267315055203, 93.85182210498888, 115.61996846809366, 128.34817418038293, 130.90673956772338, 119.98639406340337, 95.33716655431044, 70.09875828862104, 51.25056457030698, 34.77490340620261, 19.495099601654793, 8.788932985145404, 3.219497279050293, 0.9526654969307684, 0.2247263144623664, 0.03422196795674029, 0.0027409937494587595, 0.00038447027408633564, 0.00021593574232665766, 6.851152124298982e-05, 1.0191260350441409e-05, 6.826719892387451e-07, 1.791063608477192e-08, 0.0, 0.0, 0.0, 0.0, 0.0, 0.0], [0.8216311455090965, 2.444431671663288, 5.1464359484678965, 9.47630093733805, 15.034346116976874, 21.814845059890384, 32.517381438241586, 47.56073083219803, 66.11645325892627, 87.25106794688969, 109.94214093013923, 134.54894903378408, 156.6759413514598, 167.62875281293927, 163.77573337577823, 146.60708409588125, 122.01579167979415, 96.2574563923255, 67.63919635478628, 38.526202728718914, 17.631481631279676, 6.691294152734716, 2.2242156256457255, 0.6427616961434481, 0.1202252332763865, 0.016726451828407103, 0.010414588365612914, 0.007138465612614594, 0.0022687899903391573, 0.0003374881925335683, 2.260699146318058e-05, 5.931188088148855e-07, 0.0, 0.0, 0.0, 0.0, 0.0, 0.0], [0.9982229677448102, 3.0502267447349336, 6.431596972479573, 11.305763620542024, 17.018196315670217, 24.368645924068687, 37.64295258917443, 57.48408019047737, 79.9845967270983, 100.31726264448268, 118.05387241766792, 140.85974754937325, 171.01188539871356, 194.66269725135686, 202.36309015862838, 193.1869245877651, 168.20281940953737, 133.29457596811216, 90.61726158880751, 49.50446446249332, 22.413154591136234, 9.179477498077285, 3.664477538058551, 1.2841096857526122, 0.30392089658275395, 0.10340976226590734, 0.12298623595494548, 0.0869649312295656, 0.027648543288780178, 0.004112094718065997, 0.0002754274476059572, 7.225666306366982e-06, 0.0, 0.0, 0.0, 0.0, 0.0, 0.0], [1.174332947270666, 3.2931331939551045, 6.3751690581549925, 10.532546779771067, 15.492953021143135, 22.241498958428323, 34.4518858080398, 54.147641451145475, 76.83144707221598, 95.65396397734462, 111.12558562744485, 131.98184410125072, 163.83624548001836, 195.7211332153323, 211.99094135268928, 208.12323200365353, 185.09675418179705, 144.05855680793226, 92.97206762760815, 50.142245024661534, 24.644185711694632, 11.865599572134506, 5.426059751737123, 2.0727716924179553, 0.6164688113433829, 0.39417151885736046, 0.5520090252319326, 0.39124487339887254, 0.12417053480273735, 0.01844765172420798, 0.0012348930305135593, 3.238318971115491e-05, 0.0, 0.0, 0.0, 0.0, 0.0, 0.0], [1.2372489312890258, 3.043460029973117, 5.285081178476396, 8.83019562891186, 13.872633582691966, 20.262839736261203, 29.655364373867037, 44.944357940050885, 63.752139042121314, 80.93736997984067, 98.13729485282738, 119.1955093921878, 145.9422370569011, 175.53670369188222, 196.07427035186726, 198.10939971510942, 179.5169748038862, 139.84127796530646, 92.1791848567826, 54.80839911886723, 31.32258031026313, 17.050606795980315, 8.206666366872987, 3.304294142970581, 1.1391591194641442, 0.7552626295414159, 0.9679704840580868, 0.6643056679995427, 0.20788763778819425, 0.030641952934825196, 0.002042278006429439, 5.339085368989865e-05, 0.0, 0.0, 0.0, 0.0, 0.0, 0.0], [0.8490660515884901, 2.088740601371592, 3.9588781627213163, 7.658902240680215, 13.314993508748348, 19.821128954736718, 27.38142328951936, 38.79781725776376, 53.23597881766551, 67.94065598814603, 85.27215706219366, 105.46371587135508, 126.52031452501294, 150.3967739900734, 171.8753643350687, 178.98406031421402, 167.24247973675554, 137.1778913762376, 100.51662164029864, 67.3157393651889, 41.0310160612153, 23.246786604348753, 12.285037823633427, 5.809900358802441, 2.2703442788093136, 1.0656924992081087, 0.8624392994637837, 0.4923680525470613, 0.14077575952128016, 0.01963864183160814, 0.0012678872496696139, 3.238318971115491e-05, 0.0, 0.0, 0.0, 0.0, 0.0, 0.0], [0.4740858282668907, 1.349186539607543, 3.167868780113325, 6.606427334649463, 11.378622557253157, 17.018321725056033, 23.691483775144835, 32.36027362778145, 42.388864264753536, 54.80307782878685, 70.8323190426616, 88.13783258401983, 105.97130204436166, 128.12893295008467, 151.53826526294444, 163.49392690725705, 159.6746257048672, 141.1177048279948, 113.44642060327905, 80.8281814498701, 50.06579883670535, 28.845249191120224, 17.11109731557431, 10.02510045257894, 4.546487588824983, 1.714015708061099, 0.7860507983254075, 0.2963681544278553, 0.06247386334081158, 0.0071613357690069445, 0.000707505244098808, 0.00012498000638067476, 1.8674806818777252e-05, 1.3116120702231746e-06, 3.582127216954384e-08, 0.0, 0.0, 0.0], [0.47101056169385674, 1.2478201686652661, 2.646939618431276, 5.010589880483209, 8.145942405457431, 12.770513112395133, 19.38522954580987, 26.626164811599445, 34.06892511398024, 46.299624689425144, 62.69403740873918, 78.23324215882134, 93.79449407058769, 112.99062782617578, 133.3546668466043, 147.081649505543, 150.96404728346718, 142.8088064146352, 121.32185629329749, 90.88291424054478, 59.17177392773017, 34.99104106451938, 21.699839808056254, 14.344965175442635, 7.442897563242969, 2.8771900019436023, 1.0872817785814628, 0.34016574419743745, 0.0729583088997356, 0.023688287596653056, 0.01227068400881124, 0.003921865773202681, 0.0006202040244715223, 4.348835840817082e-05, 1.186237617629771e-06, 0.0, 0.0, 0.0], [0.5416036467402583, 1.2196512851374701, 2.1348794767747337, 3.759955831498302, 5.890248127717475, 9.402745011969772, 15.1809603307379, 21.696359619429803, 28.600614682020733, 40.43759712286487, 57.468638313382755, 75.12826007777656, 92.21152197295054, 106.7616607732136, 117.92844824427497, 129.28606115080558, 139.91222267907352, 140.94237359712534, 123.95462351198236, 96.07048955205076, 65.65471098222703, 40.04166492581485, 24.41469149660912, 16.22732628406025, 9.702762830772592, 4.572809810834389, 1.8613119611706852, 0.6813878296710881, 0.31378600506731225, 0.24915734239451331, 0.15041179640923918, 0.04830445662715534, 0.00760808462301284, 0.0005321255797008031, 1.4487153884903508e-05, 0.0, 0.0, 0.0], [0.47840170794546694, 1.099010435313157, 2.096703805826798, 3.930778432051909, 5.795030462567887, 8.187321017440937, 12.573089491359145, 18.149565472353792, 24.5339670920907, 34.68268340339903, 50.08484825453266, 68.53827581032634, 87.83760086165381, 100.85560587011557, 106.84638341321441, 116.39571134205804, 130.9927722803234, 135.9107190813838, 121.26350316321987, 95.99493963352725, 67.98805883693254, 43.482112874371595, 27.01905763292812, 18.125038287717985, 12.2370888955523, 6.725431778011176, 3.212893277049335, 1.688331528357461, 1.2706191264195836, 1.1663564541425173, 0.7057818362876025, 0.22509762004571834, 0.036153171320366016, 0.003102397691892606, 0.00021224529959372392, 1.1916108084552028e-05, 3.5821272169543845e-07, 0.0], [0.28440204386224427, 0.8472287428755477, 2.089367039404636, 4.114174282207252, 5.943227061358572, 8.018188461559705, 12.011890052934671, 17.672322886122565, 23.71997671120458, 31.387891246296945, 43.33103773009255, 58.77058057756312, 75.49107011378752, 88.2092555746771, 95.82752938742202, 106.91505177394279, 123.88568445970714, 132.5426010559258, 125.04584839182428, 106.6385996442348, 81.26239063199151, 56.17349134064929, 37.27670370742841, 25.29289173566515, 17.1548679126532, 10.127559702176232, 5.900339363560357, 3.8359782209196522, 2.862117056326907, 2.3578330666743477, 1.367011072637394, 0.4499572518711477, 0.10442809478457728, 0.027526503593175884, 0.005423573810776687, 0.0004915244714714976, 1.966247387131508e-05, 2.3283826910203497e-07], [0.2073580597468217, 0.7608179556653938, 1.933061584706462, 3.7134461443068787, 5.886913743073789, 8.53625638824294, 12.40231541368022, 18.252445137993067, 24.481454934343688, 31.223722272058275, 42.18034127943889, 55.93828785114869, 68.63407426266949, 80.19697459725634, 91.88863268644548, 106.6722789659734, 125.02095910669492, 139.8254732249424, 145.29060906408552, 135.85075536437606, 110.12771727061991, 79.62761909480687, 54.531815217564194, 37.353202940736594, 25.483963759440034, 16.126324155511014, 10.502225993774477, 7.192208898184275, 4.6872229455004035, 2.9337824909607617, 1.5435775834346734, 0.774521588998497, 0.5628428123838509, 0.3036044647909334, 0.07436229581718984, 0.008025761907011496, 0.00040346393733686325, 7.728455150678284e-06], [0.26963473487209605, 0.9017194219239988, 2.0878048234774838, 4.012785824753598, 6.802556873022164, 9.810452576097378, 12.988324676542295, 18.08887383992575, 24.692722206941895, 32.93927403851232, 45.26285803496087, 58.67312606310945, 69.3045294503625, 80.25810488348424, 95.24478621233737, 114.84852728385216, 135.2630405651367, 153.3209654019268, 166.40844784161789, 161.08926113777974, 133.98071490279148, 99.93501684299424, 70.89697326046328, 51.408068553605645, 38.16439383082879, 26.577167470709394, 18.00650711306431, 12.286152492021976, 7.6808720141767175, 4.051674059994688, 2.1066159858591678, 2.067371521491201, 2.4811573374925535, 1.5691328995622755, 0.45111774794872156, 0.06094343190425819, 0.0038159043715671414, 9.452678079158565e-05], [0.2515239389365898, 0.784129682835666, 1.8908631390170294, 4.023062892072795, 6.942729120650037, 9.57895047278702, 11.998732424593074, 16.062199755908534, 22.644528127009757, 31.853733753083866, 43.87064849136556, 56.56205647686426, 69.07624105623992, 82.64313732788233, 98.86358872381487, 118.76874005281118, 138.7734490477459, 153.8638695285677, 163.14452108739164, 158.51469468469907, 137.38420317462695, 109.68922107826496, 83.04339987992076, 63.93747223304703, 51.292203385624035, 38.67076541339209, 27.0159915663565, 18.13746768166785, 11.487488851474879, 6.395751786787871, 3.521304542416418, 3.773924418728903, 4.978159049756892, 3.6280880406057396, 1.2863311468125884, 0.2144540227387366, 0.015435241460500383, 0.00042827877509571996], [0.20980881891604033, 0.5751800430964518, 1.3805563245773707, 3.1337740481180507, 5.370724372180934, 7.224441756133896, 9.104734957080321, 12.313423479282607, 17.64941881069856, 24.7413447997744, 33.73318972316469, 46.53353357473618, 64.60259787940124, 84.83029570105299, 103.82838310064534, 119.80406178356074, 134.12235007680155, 143.85704551353342, 147.98198572149442, 144.7191370104576, 130.4015812056435, 109.62449639063367, 87.57527459638274, 70.49558442978167, 58.33990715423593, 44.65327095249333, 31.088435772791797, 20.672880275019857, 13.7312354702563, 8.574401469722908, 4.658480370434054, 3.7663547763779084, 4.846650447512068, 4.106658397528095, 1.737610608827149, 0.3281909697651103, 0.025162606712543483, 0.0007288546735511815], [0.3278733507944388, 0.7490760596819098, 1.2973272818602977, 2.3714594553388704, 3.82016731962433, 5.355180200924266, 7.2128320764502405, 9.91717847272108, 13.612085200468002, 18.098608005334583, 25.012534735721026, 38.540632269529354, 60.00859282706832, 85.31133785090735, 109.19216752986662, 124.6342463044312, 133.75776640133319, 139.09639214696466, 139.4867655598166, 134.35104599363282, 122.92210178483401, 107.67730885321302, 89.72036310432776, 72.90903057093749, 58.258690630668255, 42.471974312617306, 28.434009833534553, 19.03446214620806, 13.694208878085375, 9.258162165469724, 4.7214130266288015, 2.663399002069318, 2.876898642589325, 2.5246267410184795, 1.1301967005226248, 0.22103367897096085, 0.01721837444330202, 0.0005038681039691953], [0.4129510418231533, 0.8757524824910232, 1.146442116785133, 1.6468295127941797, 2.944430746258343, 4.836416404218717, 6.54379697653909, 8.563342652212727, 11.56112783920228, 15.278971492868278, 21.486770249430283, 33.70160779247371, 52.725843888005585, 76.75457599235516, 102.71566529197531, 122.78684713226694, 134.14216268464355, 138.45536841467404, 136.18519295521608, 128.41643248953764, 118.46323296628599, 108.41906702137047, 94.07192993281653, 75.68087333382361, 56.98308567103632, 39.81068127897676, 26.50764741393349, 18.645777406214883, 14.41777935518204, 10.041834109046832, 4.961277217747214, 2.21633049325162, 1.7155483759687118, 1.3419770566280835, 0.5888585497226267, 0.11512020964634655, 0.008978230008711502, 0.0002630752768449123], [0.29008141819890965, 0.5943580149162055, 0.7389456886054291, 1.1492805015926972, 2.4725413227094704, 4.366100869664504, 5.616078066482777, 6.894912637681401, 9.378965039408083, 12.48756091835653, 17.33012630563541, 26.253328840510093, 40.12178124798484, 60.00857015132157, 84.66711466245118, 108.33024686257185, 125.11886232699526, 131.75666738277928, 130.26097803939476, 123.03440867055272, 113.56801722469284, 106.65111967197488, 96.72754367139102, 79.92872001600134, 60.31860373419898, 42.32518614172135, 28.94566401922238, 21.135639399146427, 16.34368991335731, 11.598857320758261, 6.22404097231873, 2.8363933593275195, 1.6977064852954566, 1.1930863924612052, 0.5445692881869636, 0.11099379543887265, 0.009020486139784682, 0.0003576276668198105], [0.2066017409113979, 0.4041143582347306, 0.5463432995133499, 1.0494991373130933, 2.2515086221566527, 3.6598967946081604, 4.437979511130802, 5.567563643632004, 7.728628804856516, 10.137793135212496, 13.782939059633444, 19.799716741632913, 29.139305208086903, 44.57970024800842, 65.89557865076944, 88.53143703697242, 107.2600823141112, 117.22087980548056, 119.16937342044729, 114.97542893857187, 106.33522779468676, 101.04901146041793, 96.05853131622503, 83.7615789477226, 65.68329190008944, 47.29900746805889, 32.99526770890539, 23.696888561025055, 17.329954465361467, 12.014672645751261, 6.961881900238725, 3.5100930239414225, 1.7961773407056398, 0.9705905953805533, 0.40363007210323254, 0.0895099659558196, 0.013715332855381991, 0.003387499052642069], [0.18059124025676043, 0.35099526718280694, 0.47255335780041713, 0.9649984933815821, 2.1324910661320344, 3.5400593242846528, 4.5644777724309264, 5.8513737559648735, 7.929851888670209, 10.792806005058308, 14.75944107562805, 18.581464763112386, 24.02208944983814, 35.37267579464671, 53.237844381247456, 73.47517857944183, 92.23055505827247, 104.93139854319608, 110.0419870165903, 109.26047217465165, 102.8981994269548, 98.68691913251017, 95.78994160098594, 84.75633419106296, 65.94720643505876, 46.997541428835575, 32.50786547187801, 22.42019318444288, 14.929238907980057, 9.19390536507355, 5.183225401039614, 2.7187226909428084, 1.2368829553548184, 0.4969098720508117, 0.2314887175709729, 0.1596694632340059, 0.09355352991192366, 0.0390909624941881], [0.16041793913753447, 0.37672829709694805, 0.6154623930171645, 1.2169868491040796, 2.5334191773993666, 4.229445328936086, 5.578481065119336, 6.651905029132439, 8.513041077679027, 12.117744812688617, 16.704524719340455, 19.26241047710166, 22.159467285168155, 30.110106611315896, 43.671279191089084, 59.80285899664442, 77.09635179054884, 91.3440108817941, 99.16741967015558, 103.07693069656997, 101.30226433111102, 98.36989485621193, 95.20850417082065, 84.42287520282886, 65.61603789473199, 46.00067250820089, 30.844619001733182, 20.470492417516617, 12.655739405391099, 6.897974091984953, 3.6692180540138644, 1.9525026370017007, 0.8278812279687238, 0.3117125324351897, 0.39790656259681645, 0.5980707070998815, 0.41028135813959465, 0.1749428444172146], [0.17075576760367203, 0.4529694822125755, 0.798941242205016, 1.4385914931263764, 2.692588436894474, 4.1995800354307296, 5.389176811460796, 6.495727157969883, 8.143138783901353, 10.55115191690011, 13.57056830706423, 16.031234651986175, 19.243347015058774, 26.145827798085964, 36.53114995984798, 47.81928245561848, 60.1527083086021, 72.02869412621735, 82.05213802934438, 91.71235453045675, 95.59156203102151, 93.44375632173285, 88.71778780613823, 79.2898413942332, 64.07603413358589, 46.8457307068669, 32.39752645269921, 22.14792385827136, 14.288469263180307, 8.172526329957233, 4.299016305317592, 2.0822224401754728, 0.8271463164092445, 0.3506332159410259, 0.6172765046182579, 0.9825669575670385, 0.6779597454254026, 0.2888715650400867], [0.1469480245767553, 0.3486069693938875, 0.5404055291907599, 0.9127459282576447, 1.7152835221254044, 2.7821437276964573, 3.854072574935388, 5.081273121027186, 6.38061755508884, 7.235823549354912, 8.371625000138632, 10.684888402096691, 14.740389639265464, 22.17534175077495, 31.275491805412464, 38.29984257556219, 44.68341695980294, 52.89867220129118, 63.898101706904654, 76.48414243034829, 84.95643968542323, 85.30916388741022, 79.54078251110215, 70.59964020773052, 59.38789642908817, 46.21096045155433, 33.941157283853855, 24.415007522382055, 16.64915852533011, 9.953706060794321, 5.067785285771675, 2.3055939076104712, 0.9150944415788986, 0.336495768884437, 0.41736757975869065, 0.6380824752897022, 0.4360566766293596, 0.18074895026592208], [0.1173412858930205, 0.23195038699763923, 0.29557889589825354, 0.4860582239308905, 0.9774363287607137, 1.7935858465928367, 2.723492894076543, 3.5606915572906805, 4.202067409487862, 4.63796698957813, 5.549010858875367, 7.839357837429301, 12.441393343821805, 20.666178912402152, 28.774206120737198, 32.454458609700026, 35.12038760571803, 40.27295060427018, 49.5385895373708, 61.070444383212575, 71.29250788189876, 75.45306547173745, 71.78661567017102, 65.05874805819329, 57.66484520990621, 47.31655058307267, 36.09570327012482, 26.384207556055372, 17.639450707253253, 10.224552309330534, 5.263991251318248, 2.697809051023232, 1.2597762692897458, 0.43480285272293595, 0.26114574097741844, 0.3303978450443213, 0.2087350497631093, 0.06516014994745743], [0.0630246524045103, 0.13716371451462672, 0.2444743059744028, 0.43833357231695524, 0.750922611798182, 1.3386801310758996, 2.002433833743805, 2.3758153682096954, 2.602570645348324, 3.333831370344186, 4.769378733576511, 7.167625863042462, 11.872575626382895, 19.596067144972327, 25.92535619881594, 28.4058198728184, 30.890482907570686, 34.10401275396728, 40.468998473575745, 49.51788465602486, 58.810630654977004, 64.76122110840086, 65.1248533573418, 62.82477650793573, 58.94892033417234, 50.387065191859136, 38.63448434426131, 27.68292154550475, 18.338338229101943, 11.118607563011997, 6.3949433501611574, 3.8037083814827124, 2.0375109688631725, 0.7795297712594771, 0.3552502769851427, 0.3471995790938931, 0.2016159255270928, 0.04630720745131873], [0.01600692786992016, 0.058195141699259295, 0.19462570284132932, 0.41609924378548496, 0.653663112747372, 1.0608430359116654, 1.4901835590672956, 1.60108562904284, 1.8535482202213331, 2.883585679103704, 4.314838487557104, 6.348324934061829, 10.30736937636091, 16.06514373486717, 20.639696297446594, 24.3544614637606, 28.814985206156685, 31.210188668813014, 35.612626789090484, 42.556357293450375, 49.39862416367332, 54.34246287991572, 56.26569612470386, 56.30904765887854, 54.23067341787616, 47.357945070144225, 36.9250809102126, 27.037514575850125, 19.520301438536173, 13.839109201108592, 9.11416605793594, 5.842786645938049, 3.3168086564600454, 1.4333221435565169, 0.5257432697446194, 0.2592706814806318, 0.12207871276896196, 0.026358645061428564], [0.0025027994836570003, 0.021813681622638754, 0.1252780542216423, 0.39550037960572426, 0.7738132908457567, 1.1402748876422726, 1.3217072195641046, 1.2454613032661084, 1.5637783112420234, 2.4302661404567525, 3.18302287874527, 4.4102117313786895, 7.254157161658091, 11.23666794189388, 15.143539239005054, 19.933556044164977, 24.896010646180915, 26.996650100059576, 30.23255743940514, 34.97408288896627, 39.7065700582403, 43.65406003905376, 44.8796750485141, 44.65823010360354, 43.227859338090404, 38.29257492846524, 31.207361736406472, 24.441291582662764, 19.583952914233876, 15.423455606771146, 10.947387158340621, 7.347206549235648, 4.46264113607162, 2.259927840180825, 0.8261353129514992, 0.18888980034552022, 0.03724118086470601, 0.006152208011215119], [0.00043048860029533555, 0.007957202438028029, 0.07518806640005925, 0.33895026165295683, 0.774143509229532, 1.1057676983223177, 1.1642746126580032, 1.058808346305156, 1.3781915891840146, 2.0228756288730696, 2.265682130987586, 2.5904376467280708, 4.229916906692759, 7.45470681121285, 11.422102762544764, 15.403195268636601, 19.013213153231504, 21.685909905698427, 24.419327638593167, 26.97985135972654, 30.825985226443105, 35.17157270996567, 36.50714114294628, 36.24920318709769, 35.6760071223182, 32.87472649248314, 28.092015635652594, 21.972863127952586, 16.92180141166133, 13.335181630963858, 10.198003941163542, 7.482020703604135, 4.961670543677561, 2.665868569447923, 0.9460301360581664, 0.17226569315946533, 0.014855503469038533, 0.0008438883073488324], [9.222656195659785e-05, 0.002702583870481228, 0.03267529817070148, 0.1658004382200339, 0.405356541929464, 0.6311758434797541, 0.7475576738808417, 0.7717041632499948, 1.0814940745749337, 1.6871851517306125, 1.9947358567511466, 2.089405682156476, 3.1422479151414113, 6.005973013786296, 9.463153726317815, 11.897581500837383, 14.539601987162436, 17.88455380809311, 20.4630110637313, 21.54753372756263, 23.910700630207753, 27.282055447907176, 28.851976906781694, 29.5428606840499, 30.696329238242893, 30.239800559088565, 26.760354139456787, 20.62304500255439, 15.385748998650131, 12.502495248194952, 9.999470858826154, 7.348409681976649, 4.93205904636682, 2.456022733172204, 0.7188692176057256, 0.10840697477514652, 0.007488042747391696, 0.00021434661167112718], [1.5637570230363734e-05, 0.0005204739260230971, 0.006687617320993063, 0.03628749492816588, 0.10949576032930623, 0.2565345866826705, 0.42666599334357597, 0.5013974549600393, 0.7319636068815591, 1.3614435749808047, 1.9755889909264182, 2.3491623346381316, 3.2716015580202376, 5.379101286170286, 7.691491727108906, 9.21112550951317, 11.226585933925573, 14.090805296440204, 16.346801709884893, 16.69426422470171, 17.473430152962116, 19.457254608871885, 20.92609250464497, 21.6688637509954, 23.385192672869408, 24.941506324832204, 23.226022641179952, 18.692051269694748, 15.560049243966025, 14.689124978745564, 12.84729949183016, 9.59652970879484, 6.292585648425378, 2.8768596899179464, 0.7086413954802072, 0.08777308838633024, 0.005395868690666377, 0.0001542016347053227], [1.2041482537145429e-06, 4.1097972536826506e-05, 0.000620478878235504, 0.005823337619462132, 0.044910686142460396, 0.1898710805243251, 0.3509609769489209, 0.34551327274925886, 0.47720639897690453, 1.0344095346528368, 1.709244657272183, 2.3324308491648336, 3.361523034540083, 4.9430690473930134, 6.385954693983788, 7.299941337419094, 8.311614372741738, 9.991608620206192, 11.660564209273804, 11.779894172999118, 12.166533777165334, 13.700165848877013, 15.024153329846403, 15.177726468785057, 16.14469824353426, 18.16640955559975, 17.82228488444659, 15.215957413421966, 13.972163674790387, 14.09904204741409, 13.155598388984021, 10.665721682910801, 7.191987128270702, 3.3526320710485997, 0.9118095087897531, 0.1399255934662279, 0.013220508503656022, 0.0009415482105219374], [3.582127216954384e-08, 1.8151776986142003e-06, 0.00012168195113150788, 0.003187016343002648, 0.03634186878397414, 0.1612727528153559, 0.27782079631629886, 0.2520241758025976, 0.41119705671734064, 0.7987881302738575, 1.0627022602016403, 1.5022667849610771, 2.474432057910486, 3.7213536487625065, 4.859154522329337, 5.744524704907932, 6.496032215957342, 7.640797137739397, 8.657726681337824, 8.474939740088132, 8.658598829948307, 9.696422301804205, 10.669763812637335, 10.842297826918706, 11.72956844611568, 13.134570895339975, 12.84244734480712, 11.69999941044568, 11.411157355803578, 11.153815518110154, 10.29190477859698, 8.584823823896256, 5.8248189225326366, 2.9550719809380306, 1.055623083445823, 0.26581267343700504, 0.053088213556910915, 0.007450162824674089], [0.0, 7.225666306366982e-06, 0.00027890797209164416, 0.004227893246363377, 0.02907054912375546, 0.09364757489053077, 0.13962549735947866, 0.1665034785844085, 0.42865433137849723, 0.7282495541930158, 0.6551899602506007, 0.8357041750728011, 1.433832245925277, 1.943258818314487, 2.6350895964440486, 3.7179252284214117, 4.994424924180532, 6.329241101365231, 6.960825920773441, 6.532396789782274, 6.207686661136595, 6.26962910243746, 6.544995526578418, 6.89256089992392, 7.940895217349166, 8.725898139410836, 8.63923339217081, 8.608704787341738, 8.786653886768132, 8.826349372414946, 8.362160107107766, 6.598311451958915, 4.1778493775806105, 2.3475119144616476, 1.165700789169752, 0.4945960259541963, 0.1629233077117012, 0.029295436987545054], [0.0, 3.238318971115491e-05, 0.0010802027482641515, 0.013323251668110811, 0.06170509667755087, 0.1108069925877172, 0.0862016370980793, 0.07985362574055502, 0.2417058710749378, 0.41392866323244315, 0.4062919804351406, 0.6351997230445985, 0.9552914083042793, 0.9300996316651464, 1.15500785785094, 1.9977738443896045, 3.3270622064614823, 4.533713903014032, 4.664363471843518, 4.09958478008698, 3.682203231152738, 3.5131887309218848, 3.834217916591337, 4.45984899699504, 5.070219049737533, 5.215963984884115, 5.528320425364827, 6.303214985017121, 6.874182166162188, 7.067936289986844, 6.717294447834447, 4.90282500259678, 2.782345758838175, 1.5612194588575006, 0.9480349512937194, 0.5667997564471141, 0.23499899003403255, 0.046145282954175464], [0.0, 5.339085368989865e-05, 0.0017686732798463086, 0.02155964220389088, 0.09677943488709917, 0.16028957947060138, 0.09931215279191528, 0.0343668097201251, 0.056281177393155996, 0.11410879702368425, 0.22508170651722442, 0.5259900422709445, 0.7878068696882018, 0.8198697896538995, 0.9176684927438244, 1.1785657462264885, 1.7939914067957738, 2.3832726412917733, 2.3796067421333644, 2.102531507442891, 1.9444532039780733, 2.0860137112633694, 2.8052147031153414, 3.5396564120208196, 3.627211459014374, 3.3533451472473734, 3.594330055499542, 4.549888622725272, 5.460572133901154, 5.545536175829103, 4.96766357747445, 3.4577596950971996, 1.8678007659589826, 0.9509539304534627, 0.5328911120549984, 0.32571520255911723, 0.1395692296556464, 0.027781685453104155], [0.0, 3.238318971115491e-05, 0.0010724018737850545, 0.013064904273426398, 0.05855740617945164, 0.09656768368030118, 0.0586821369565116, 0.014086202355792044, 0.00661080115577032, 0.025843570522386027, 0.1336657027479536, 0.44006469614862553, 0.795776629087605, 1.0190098458709136, 1.086900667015399, 0.8977576813571022, 0.8712733299393948, 0.9617821975899075, 1.0129499106784796, 0.9813913838749763, 0.9439455820789517, 1.1893388087751977, 1.8558857289800126, 2.473396293808676, 2.5440727924229947, 2.244516099486497, 2.221730376281898, 2.8309841791799952, 3.4593628432727646, 3.479997795979205, 3.0914927674146586, 2.2826832977358684, 1.4717305431227237, 0.8541288475424457, 0.41107917662524174, 0.1614077150356263, 0.045715575927460284, 0.0072567982525384425], [0.0, 7.225666306366982e-06, 0.00023928120543803753, 0.0029150418401587396, 0.013064311154617583, 0.021539479330207296, 0.013066683629852843, 0.0029511701716905744, 0.0007604686808787571, 0.008286123845196613, 0.07828409054492401, 0.3445383847825232, 0.7214515195470611, 0.8853536121822558, 0.7664712069046613, 0.4929095049403981, 0.38654577316492794, 0.4302319480932706, 0.48558396388561065, 0.40399590895877646, 0.31613423833981924, 0.4505081620970687, 0.852805004213878, 1.313617084167606, 1.4570375200784258, 1.2556222473829695, 1.145997444895556, 1.3967163622813121, 1.5928101032738637, 1.503968342133283, 1.3794153895813221, 1.1797689469837558, 0.9559501054848387, 0.6882346085482169, 0.3849799251812143, 0.14119584160015883, 0.026944922964259297, 0.002353297982259613], [0.0, 5.931188088148855e-07, 1.9641397419106152e-05, 0.00023928120543803753, 0.0010723839631489698, 0.001768062250401409, 0.0010723839631489698, 0.0002398743242468524, 0.00014015502156906903, 0.003726694265916176, 0.046651655809834595, 0.24442357823640276, 0.5812938098548086, 0.6864565468924633, 0.42917510693707417, 0.21424892220374497, 0.29372869593778617, 0.5544746240485093, 0.643866735226424, 0.3645172063084763, 0.12223583223890622, 0.13989709072610784, 0.4032050228301849, 0.7095110046732724, 0.6856444066794989, 0.4868991806876743, 0.4321679764900075, 0.6131021897568861, 0.7495683289467142, 0.6000069650783004, 0.49944427999394164, 0.4959643208066856, 0.421295365217757, 0.3096669420762331, 0.19289056498171087, 0.0765489638969421, 0.014502657497644508, 0.0011270551812241254], [0.0, 1.791063608477192e-08, 5.931188088148855e-07, 7.225666306366982e-06, 3.238318971115491e-05, 5.339085368989865e-05, 3.238318971115491e-05, 7.243576942451754e-06, 4.920699755914842e-05, 0.0017162230977267323, 0.023348003269991185, 0.13512176099723802, 0.3620633424810139, 0.4615382808662987, 0.2948362313144953, 0.23778462075247525, 0.48936121006535804, 0.8507038400383802, 0.9146918365208493, 0.5092958156490188, 0.17476819855923553, 0.1172209963618821, 0.2648422556728057, 0.42675608086656736, 0.30948850534845657, 0.13637634945485863, 0.12939434055688087, 0.32905834948335777, 0.5324243822182665, 0.43236071365135637, 0.3279127682867038, 0.33735858065613894, 0.21892921034391508, 0.09083574012141771, 0.04242163930715699, 0.01661050406897029, 0.0031829694657486947, 0.0002470999905532194], [0.0, 0.0, 0.0, 0.0, 0.0, 0.0, 0.0, 0.0, 4.0237796098506325e-05, 0.001379345236583717, 0.01781709776855253, 0.09272861206876862, 0.21786562268769188, 0.2747309498342485, 0.24314719812903168, 0.3037022252558137, 0.5179329882846438, 0.7013904237431765, 0.7437273009109919, 0.5809933781999503, 0.4252949563175448, 0.2973770784435455, 0.2739412689633442, 0.3530750935740017, 0.27517571638018734, 0.11965836168472355, 0.0635659661352148, 0.16080480011862872, 0.32385526749918303, 0.35314995056740783, 0.32750186082355615, 0.3103084794069395, 0.1675076886127638, 0.03953238356209856, 0.006024035763975593, 0.0014278828992025081, 0.0002601983936551973, 2.025242686400581e-05], [0.0, 0.0, 0.0, 0.0, 0.0, 0.0, 0.0, 0.0, 5.400188313479831e-05, 0.0017967086705533268, 0.022117887324009596, 0.10279995478845994, 0.1977978236602782, 0.22143775782065725, 0.22289849745315393, 0.22761330072305916, 0.27812631694967804, 0.3465956130964966, 0.479272408914831, 0.6563690847159425, 0.74493930818415, 0.5517877651099721, 0.4557255603827808, 0.6587734845038768, 0.6802422486066599, 0.3843317818208801, 0.1227113802958207, 0.06009434884412386, 0.13214374701018036, 0.2569657898855522, 0.32987990294315284, 0.25100656666619126, 0.1024992933687324, 0.020427248055310744, 0.0019486046980377125, 0.00011911153631815574, 9.02293336889641e-06, 6.110294448996574e-07], [0.0, 0.0, 0.0, 0.0, 0.0, 0.0, 0.0, 0.0, 3.240110034723969e-05, 0.001073606022038769, 0.013125340764480657, 0.059928321601475286, 0.1110415129042843, 0.12055972078542558, 0.11844145769146588, 0.08965570277303078, 0.0850038552574567, 0.16238176213124694, 0.3229051763536763, 0.534200845550505, 0.6648820849198579, 0.5176835768949382, 0.5427023369050431, 0.929596978523625, 1.048537982305534, 0.6280888186759149, 0.19446152481746698, 0.038181861056935024, 0.062036018855818546, 0.22046987738216198, 0.3518286615136435, 0.24545686603181482, 0.10053481122211014, 0.03282629552194113, 0.00619578799055442, 0.00048638119599125695, 1.4451332612733964e-05, 0.0], [0.0, 0.0, 0.0, 0.0, 0.0, 0.0, 0.0, 0.0, 7.225666306366982e-06, 0.0002392991160741223, 0.0029300862915802883, 0.013550099231800025, 0.02740306079530922, 0.039285642933653026, 0.046539019094117735, 0.029635378823191127, 0.023082561622105594, 0.06799545975489281, 0.14434721182702126, 0.2297690301812503, 0.30682857272435277, 0.34970938322056727, 0.5700200413042092, 0.8970964416170506, 0.9205651764058511, 0.5356254734704897, 0.16477928386950003, 0.027669531615999915, 0.029130904820403057, 0.1213713168871166, 0.22138608078856653, 0.23626264259972807, 0.22031892271149608, 0.11949222894314171, 0.026213623204885395, 0.0021453789557428393, 6.476637942230982e-05, 0.0], [0.0, 0.0, 0.0, 0.0, 0.0, 0.0, 0.0, 0.0, 5.931188088148855e-07, 1.9641397419106152e-05, 0.0002722575139580073, 0.0021644093237170457, 0.015071690431729196, 0.060696134677060844, 0.0985619663807494, 0.059947439696191325, 0.016368513660358807, 0.015011798733089079, 0.029175139524161276, 0.04757686408211042, 0.10463205051135806, 0.3128534389329212, 0.7360944916146143, 1.1169926380971116, 1.118332937098144, 0.6771672671687647, 0.22400926022075926, 0.037091652347362544, 0.008589714674397895, 0.029797948494571742, 0.08622239713007414, 0.21925509485994094, 0.32417484347259684, 0.19355166201852805, 0.04309385982674747, 0.003536142411438903, 0.0001067817073797973, 0.0], [0.0, 0.0, 0.0, 0.0, 0.0, 0.0, 0.0, 0.0, 1.791063608477192e-08, 5.931188088148855e-07, 6.06344306323504e-05, 0.0018010385589213788, 0.021600024207659222, 0.09659769439477708, 0.1592171013806848, 0.09658556363192992, 0.021787765558378146, 0.002896570726872669, 0.0026983431739204073, 0.010047722290533424, 0.06951597048059349, 0.34633255510046757, 1.0204704165339784, 1.79552003280776, 1.881466288037888, 1.12600635835063, 0.3644095346507916, 0.058650322434114444, 0.004703056764281499, 0.004404136345090858, 0.029664746810037983, 0.11924512895258849, 0.1935444184415856, 0.11713964382112876, 0.026129808546852797, 0.0021447679262979395, 6.476637942230982e-05, 0.0], [0.0, 0.0, 0.0, 0.0, 0.0, 0.0, 0.0, 0.0, 0.0, 0.0, 3.238318971115491e-05, 0.0010723839631489698, 0.013064311154617583, 0.05855018051314528, 0.09653294592599085, 0.058550773631954094, 0.013072165761004935, 0.0011579779776080157, 0.0015121159206145823, 0.01817257796338515, 0.12180011772395741, 0.5426247618601112, 1.6473303179165337, 2.8250660812391097, 2.5646498081723985, 1.287214236552214, 0.3623581984770656, 0.053451493407968786, 0.003658250794741193, 0.0006404962700679344, 0.0059368653876972766, 0.026193388688657476, 0.04309326670793865, 0.026129808546852797, 0.005830119501589649, 0.00047856241087607506, 1.4451332612733964e-05, 0.0], [0.0, 0.0, 0.0, 0.0, 0.0, 0.0, 0.0, 0.0, 0.0, 0.0, 7.225666306366982e-06, 0.00023928120543803753, 0.0029150418401587396, 0.013064311154617583, 0.021539407687662958, 0.013064311154617583, 0.0029222675064651065, 0.0005319532645659737, 0.0047772900378851985, 0.03824524286379992, 0.17865898889186935, 0.6460250968221994, 1.8501019568178434, 2.978418625272498, 2.36315596719109, 1.0136615096912651, 0.25980041994675396, 0.03731041862957771, 0.002524996674886225, 0.00010712498114084492, 0.00047856241087607506, 0.0021447679262979395, 0.003536124500802818, 0.0021447679262979395, 0.00047856241087607506, 3.9282794838212305e-05, 1.186237617629771e-06, 0.0], [0.0, 0.0, 0.0, 0.0, 0.0, 0.0, 0.0, 0.0, 0.0, 0.0, 5.931188088148855e-07, 1.9641397419106152e-05, 0.00023928120543803753, 0.0010723839631489698, 0.001768062250401409, 0.0010723839631489698, 0.00027166439514919247, 0.001124408550279231, 0.01417693291386506, 0.07339471395007166, 0.1867101934821151, 0.4205155581783159, 1.0988999515942814, 1.77477615265774, 1.388096251013312, 0.5721695356663109, 0.13918009939156467, 0.019178997956553492, 0.0012677854109659243, 3.475566494641446e-05, 1.4451332612733964e-05, 6.476637942230982e-05, 0.0001067817073797973, 6.476637942230982e-05, 1.4451332612733964e-05, 1.186237617629771e-06, 3.582127216954384e-08, 0.0], [0.0, 0.0, 0.0, 0.0, 0.0, 0.0, 0.0, 0.0, 0.0, 0.0, 1.791063608477192e-08, 5.931188088148855e-07, 7.225666306366982e-06, 3.238318971115491e-05, 5.339085368989865e-05, 3.238318971115491e-05, 6.061651999626563e-05, 0.0017758810355165907, 0.021786543499488345, 0.09985469988001588, 0.18035283881727207, 0.19481887783875584, 0.36311159432846785, 0.6342278164858145, 0.568981713105874, 0.25490990842918254, 0.05674882611155161, 0.006256421238118287, 0.0003364864787154166, 7.261487578536526e-06, 0.0, 0.0, 0.0, 0.0, 0.0, 0.0, 0.0, 0.0], [0.0, 0.0, 0.0, 0.0, 0.0, 0.0, 0.0, 0.0, 0.0, 0.0, 0.0, 0.0, 0.0, 0.0, 0.0, 0.0, 3.238318971115491e-05, 0.0010729770819577847, 0.013085156700290404, 0.058882192895822805, 0.09988171752595312, 0.08515359437926205, 0.1295651728038505, 0.23413620923264597, 0.21728210725175623, 0.09598065808317212, 0.01907867658540906, 0.0016264086290806868, 5.993292542586679e-05, 5.931188088148855e-07, 0.0, 0.0, 0.0, 0.0, 0.0, 0.0, 0.0, 0.0], [0.0, 0.0, 0.0, 0.0, 0.0, 0.0, 0.0, 0.0, 0.0, 0.0, 0.0, 0.0, 0.0, 0.0, 0.0, 0.0, 7.225666306366982e-06, 0.0002392991160741223, 0.0029228785359100063, 0.013366167342839179, 0.026315171312918252, 0.048564156746540965, 0.12670389324069897, 0.19074542996943872, 0.12532485811180996, 0.03655258815765324, 0.0050144517118845214, 0.0003214975856407017, 8.429814560081524e-06, 1.791063608477192e-08, 0.0, 0.0, 0.0, 0.0, 0.0, 0.0, 0.0, 0.0], [0.0, 0.0, 0.0, 0.0, 0.0, 0.0, 0.0, 0.0, 0.0, 0.0, 0.0, 0.0, 0.0, 0.0, 0.0, 0.0, 5.931188088148855e-07, 1.9641397419106152e-05, 0.00027166439514919247, 0.002177186937281264, 0.01590655463523049, 0.07272156147975248, 0.15563366298510478, 0.15631429878615907, 0.07350130427008529, 0.015255913603239411, 0.0013524602622221591, 5.26535272112455e-05, 6.110294448996574e-07, 0.0, 0.0, 0.0, 0.0, 0.0, 0.0, 0.0, 0.0, 0.0], [0.0, 0.0, 0.0, 0.0, 0.0, 0.0, 0.0, 0.0, 0.0, 0.0, 0.0, 0.0, 0.0, 0.0, 0.0, 0.0, 1.791063608477192e-08, 5.931188088148855e-07, 6.061651999626563e-05, 0.0018076711064189308, 0.02183209765742698, 0.09948094616403348, 0.17223465422911005, 0.11810531201153769, 0.034657127606606525, 0.0047154872802713035, 0.00029989772543430316, 7.818785115181867e-06, 1.791063608477192e-08, 0.0, 0.0, 0.0, 0.0, 0.0, 0.0, 0.0, 0.0, 0.0]]
